AUCTORUM NOMINA.

Anonymus (Ἄλλος) 13, 16. 22, 1.
31³2s- 38‚5. 40, 23- 44‚27·
73221- 94214· 109›3· 259·

10. 335, 7.
Aratus 90, 29.

Athanasius 128,30. 137‚11. 138,

25. 140, 8. 172,12. 337,33..

380, 30. 405, 34. 411, 20.
464, 27. 497‚16. 501,7. 516,
27· 578· 23·

ἐκ του κτα τὰ ὀΑπλιν ιναρίου λόγου 129
not. 317, 14. 376, 9. κατὰ
Ἀρείονι( Ἀποινλ ινίουαρ 11289, 25.
κατὰ Ἀρειανων 302, 24. 312,
10. 317‚31. 352,12. 369,8.
429, 28. 436, 27. 569, 20.
κατὰ emm 459, 13. περὶ τί.
στεως 376,1. περὶ τῆς σωτηριώ-
δονς ἐπιφανείας 470, 20. ψαλμοῖς
4 8, 14.

Basizius 366, 20 et 30. 397, 6.
407, 13· 456, 13· 577· 16·
588, 33. τρὶς Ἀμφιλόχιον 308,
35. 365, 24. κατὰ Ἀπολιναρίου
311, 34. κατὰ Ἀρειανῶν 312, 8.
κατ’ Εὖνομίου περὶ τοῦ ἁγίου nunf-
ματος 379, 33. ἐκ τῶν ἀντιρρητι-
κῦν 351, 4. 363, 1. ἀπὸ τῶν
homan 363, 10. ἐν Ἠσαίᾳ 455,
31. 495, 11.

ἐν ψαλμοῖς 332, 31.
12. 335, 22 et cred. 489, 21.

Callimachus tac. nom. 90, 6.

Chrysostomus 6, 23. 21, 1 1. 22,
7 et 30. 26, 5. 29. 18. 30, 26.
50, 20. 56, 6. 58, 7. 62,28.
63, 17. 64, 3. 67, 31. 68,12.
71, 16. 73, 30. 80, 32. 87.
'16. 92,18. 105, 17. 111, 20.

333» 21· 334,

114,16. 123‚1.125,14.126. ἐκ

¹12. 128, 9. 129, 4 et 18.
132, 30. 140, 12. 142,30.

144, 21. 146, 27. 149, 5.
157, 11. 159, 28. 162, 22.
174, 32. 177, 9. 181, 14.
192, 30. 195, 5. 198, 27.
199, 19. 201, ¹4· 206,5. 211,
13. 219, 2. 220,33. 223‚4,
230, 19. 232, 29. 243, 6.
251,9. 266, 27. 269‚9. 270,
19. 274, 26. 289, 34. 306, 2.
307, 24. 316, 28. 324η 6.
33325· 336,3. 349, 29· 37¹·
7· 374,12. 377›3¹· 378227-
382, 21. 384, 26. 389, 25.
390, 20. 391, 24 et 32. 392,
23· 393,29. 396, ¹4· 398»
30. 400, 28. 405,14. 408,
26. 425‚26. 427, 28. 431,
1¹- 432, 28· 433» ¹5- 434,
21. 441, 20. 444, 4 et 32.
446, 20 et 25. 449, 29. 450,
29. 451, 5. 452. 8 et 20.
453, 24· 454» 15· 455» 30·
457· 9- 458· 21· 464» 31-
465, 25. 468, 22. 469, 18.
470,1. 471219· 472›3- 473,
9· 477·8- 478,18. 479, 33·
483, 12. 484, 3 et 24. 487,
26. 488, 18. 495.26. 501,
26. 504,22. 506, 29. 509,1.
510,9 et 30. 513, 31. 5143
et20. 521,18. 522, 24. 523,
24. 524‚12. 546, 7. 551,6.
552 ¹· 557·12· 560 9· 561»
13. 562, 1. 563, 31. 566, 8.
567 5 568 7· 571 ¹¹· 572

24 574 9· 575 5 576 14
57840113. 581,1. 582,11

et 21. 590, 10. 591,26. 594,
5· 596, 34· 597» 19·

τοῦ κατὰ, Ἰωάννην 347, 27. 331,
30. 484,32. 552, 22.

ἐν Ψαλμοῖς 333, 10. 376, 19.

